	LQ2.141729	IT2.141720	HI3.141676	MD2.141689	RT1.141654	CA1.141704	PE6.141700	PE5.141692	CM1.141723	CO1.141714	BZ1.141724	AR1.141727	HI4.141735	AR2.141703	SN3.141650	PE7.141734	SV2.141666	CF2.141679	MD3.141707	JT1.141699	HF2.141686	HI2.141672	PE1.141715	SP2.141678	CL1.141697	BF1.141647	TL1.141653	MP1.141661	SF2.141677	MD5.141688	CO2.141657	MT2.141698	KP1.141713	HF1.141663	CO3.141651	CL3.141664	SV1.141649	SF1.141728	TL3.141709	PE4.141683	GB1.141665	CF3.141691	BP1.141702	SB1.141730	KP3.141658	SR2.141673	SK3.141716	PE2.141725	CR1.141682	CA2.141685	BB2.141659	GB3.141652	HJ1.141718	CF1.141675	SN1.141681	GB5.141668	LQ3.141712	DF2.141726	MT1.141719	SA1.141670	SP1.141656	HJ2.141717	SA2.141687	SK2.141662	GB2.141732	IE1.141648	IE2.141655	IT1.141711	CL4.141667	DF1.141684	BF2.141708	RT2.141710	DF3.141696	SR3.141674	KP4.141733	MP2.141695	VC2.141694	PE3.141731	CC1.141721	VC1.141722	TL2.141706	CL2.141671	AR3.141705	SK1.141669	SR1.141680
LQ2.141729	0.0	0.723039646297	0.756696077015	0.831198835356	0.801364390066	0.793282585342	0.591312363616	0.572663968452	0.802692886134	0.778797095838	0.749872494332	0.747204902287	0.613822801345	0.774719857313	0.779699522556	0.71528021824	0.84010902362	0.696601322201	0.836797787924	0.840113341843	0.683696796872	0.756287086284	0.622223776745	0.703253788545	0.686963360294	0.628883402411	0.756370770202	0.666465921371	0.830704961039	0.828153541511	0.739395145554	0.776626395849	0.806778882169	0.632749468847	0.767797780597	0.726049942061	0.842753215799	0.831909602128	0.699119903608	0.685040393147	0.833010118596	0.699998943926	0.794368702359	0.829321767385	0.80755007253	0.827431669559	0.687013448416	0.667185229813	0.81457497914	0.798099445329	0.6779368134	0.759422129069	0.697475454886	0.647531220803	0.729991906706	0.839627822542	0.597856861025	0.785921428915	0.840688658003	0.82035576964	0.788055765718	0.707908895698	0.832734466298	0.796418422655	0.825946121273	0.731276190706	0.725238875038	0.758238046384	0.735488255279	0.699752895747	0.655156835148	0.807657549608	0.661299141539	0.820934786385	0.784412394633	0.650485115326	0.73015374192	0.63559888238	0.757341133802	0.7627474126	0.808565414315	0.764943279767	0.756183270432	0.719838989714	0.807233334817
IT2.141720	0.723039646297	0.0	0.671363270971	0.788914407157	0.75629091355	0.7147070223	0.719998591623	0.767547592236	0.766445162907	0.654914935055	0.638757033828	0.72656245156	0.725101989837	0.716642332129	0.676352127138	0.701217780476	0.808739945897	0.808349272059	0.798326277532	0.819963710265	0.762863076432	0.691231183535	0.717154493678	0.677662035746	0.634249068152	0.717221210623	0.739855910424	0.658376756333	0.795771846867	0.826941261567	0.624129789486	0.624773058888	0.704516551543	0.72954087356	0.710789935814	0.645371015394	0.797450811191	0.750320491928	0.703699808317	0.798871651233	0.737365013296	0.79390447665	0.707562429131	0.73435449053	0.753437836299	0.747945157213	0.622514692092	0.784188812843	0.762349443109	0.732898285936	0.72952456852	0.707860231033	0.699560999939	0.749791294132	0.731706225695	0.79545560266	0.762300982068	0.688331002804	0.716923084678	0.712159577787	0.687541313658	0.610577033825	0.755945465691	0.707144315974	0.749347953687	0.614292909832	0.568253557649	0.57310614659	0.685352652258	0.61897940897	0.712465796648	0.744500390764	0.640423221565	0.742424876239	0.710651591862	0.649870844308	0.658197529229	0.767830773421	0.65931192857	0.632164326968	0.688279236531	0.692804720053	0.715163965744	0.644856199646	0.713638500155
HI3.141676	0.756696077015	0.671363270971	0.0	0.775075471511	0.682030784792	0.726232182652	0.748684230364	0.820637866787	0.711212522885	0.684930015489	0.737716549885	0.67727509088	0.771864975509	0.665077007467	0.743089869184	0.714082233017	0.77433551635	0.850213419804	0.786145500309	0.787119853761	0.810528712934	0.660415469296	0.792190665214	0.753201904691	0.671815954463	0.768995051914	0.814602385901	0.730964240011	0.75364438072	0.809503632017	0.709367843661	0.678229487741	0.682954637197	0.789150304013	0.736357316111	0.712600145064	0.788745262793	0.745701517477	0.781525582808	0.841498137311	0.720378065458	0.852418099007	0.674750439452	0.741595035792	0.657702917763	0.732463050653	0.721031304798	0.812101232582	0.721498297807	0.709540319905	0.780773027491	0.676107183464	0.746868004695	0.79027194954	0.789746594847	0.737384469213	0.782934765474	0.651208268096	0.684691208854	0.714355291396	0.701369999507	0.704283159276	0.737772058064	0.71696276741	0.716501338956	0.649300222897	0.661454726	0.640883404035	0.676947320161	0.703659600698	0.796437796244	0.702690671913	0.749901269953	0.732309832683	0.678249386694	0.764064864742	0.639879734242	0.808913834684	0.674284512686	0.690134347306	0.713741984469	0.669848337668	0.67475805292	0.751121051923	0.677718706402
MD2.141689	0.831198835356	0.788914407157	0.775075471511	0.0	0.704023784528	0.660236852469	0.829014371125	0.850661740156	0.712567811458	0.737411992325	0.786706806381	0.785161005612	0.839164389329	0.786860758821	0.702736007833	0.803596436327	0.592199901224	0.883454410356	0.617411545827	0.582798292487	0.829436952663	0.751285240055	0.831250231132	0.771958688829	0.770495760678	0.806290959894	0.837794341259	0.807223189447	0.57845115168	0.610018049304	0.770383791694	0.777060421727	0.750908566868	0.810609003867	0.681380784246	0.784629983818	0.585888661706	0.651758821679	0.783857451456	0.877989875114	0.682460411007	0.875063133578	0.702193253852	0.66073284126	0.723882105573	0.597906525346	0.785849742438	0.858587801122	0.731648757401	0.653100264061	0.827034518001	0.768921305939	0.834888852097	0.820098101036	0.767143982733	0.591216597626	0.824461718235	0.767215590762	0.786086358925	0.701593641375	0.705718728045	0.760828617572	0.705806791691	0.810202012743	0.690885088907	0.791214107749	0.749532341106	0.768376438342	0.769314128832	0.80529492152	0.843398458688	0.737125027136	0.80746878839	0.664523578989	0.779152056321	0.788654107573	0.723874956402	0.86190925973	0.779503462863	0.768746985786	0.795729738468	0.771645989526	0.769110099617	0.778995804289	0.667297387312
RT1.141654	0.801364390066	0.75629091355	0.682030784792	0.704023784528	0.0	0.686718540031	0.803091552531	0.843397076842	0.577240410231	0.74471966592	0.804310329576	0.716768078832	0.821641684772	0.702055694058	0.761809167879	0.722631720961	0.708355372742	0.888145300025	0.784864878831	0.774356238115	0.85851685319	0.722377099672	0.825196241181	0.798213985023	0.722110818225	0.826424644135	0.84377927189	0.810340042243	0.674053823284	0.773024352269	0.771361321006	0.762856890823	0.675881617047	0.800757143691	0.731199074597	0.747806278506	0.728316615831	0.676296860589	0.833177921337	0.88178198654	0.728157009651	0.887500834927	0.668428875963	0.690711812162	0.596036255562	0.680839620346	0.790956491325	0.852326583273	0.592698277101	0.662836764491	0.823507816741	0.719418419212	0.818434784676	0.825905393453	0.815981206929	0.68145705671	0.820407136942	0.713559481642	0.723109229019	0.750607537575	0.738328089248	0.753923760256	0.708261851287	0.774591131756	0.665560625564	0.758072627675	0.739131524777	0.7327081408	0.756303790397	0.782981032722	0.845581931448	0.585841190213	0.814896525133	0.727387377891	0.701228940102	0.799018304824	0.72043786128	0.836940607857	0.741012567358	0.772125389618	0.754848073258	0.746206423739	0.690140884748	0.819319292607	0.686245744681
CA1.141704	0.793282585342	0.7147070223	0.726232182652	0.660236852469	0.686718540031	0.0	0.780883062419	0.82709056756	0.66866950965	0.691625959639	0.779932377632	0.750332821041	0.798502981249	0.719415656317	0.71269181357	0.726526207594	0.665378635501	0.86584613645	0.736303934878	0.71026218613	0.829139619313	0.724614826303	0.801763730826	0.757977510662	0.725673303477	0.807116740418	0.797262119247	0.769230079735	0.626660191222	0.752278022133	0.7034498017	0.709931568605	0.640013844092	0.798387084346	0.652977465391	0.725520741546	0.692304356642	0.617671439758	0.788139132491	0.859179965517	0.638702643817	0.862165474137	0.596079781077	0.655155312199	0.668567812938	0.650563963643	0.749908395003	0.852566114257	0.653265252552	0.601838327448	0.802389712955	0.669676321723	0.792679848207	0.810433008043	0.749139405387	0.661715894353	0.806597052447	0.687139412738	0.697583893769	0.674467014152	0.676309588125	0.710343995863	0.635162771596	0.728337494571	0.660393096427	0.763072086117	0.689660542426	0.705880609972	0.727831240967	0.774175286969	0.802919534427	0.674914196517	0.774566855553	0.645811074418	0.718729161478	0.776304022772	0.680187159241	0.820654106683	0.710644001674	0.722684833746	0.74385016394	0.738115405727	0.703358424634	0.750596658711	0.638393444863
PE6.141700	0.591312363616	0.719998591623	0.748684230364	0.829014371125	0.803091552531	0.780883062419	0.0	0.598432863152	0.801569193563	0.766293080257	0.742289774705	0.728572988472	0.615135257351	0.761692831807	0.766766577539	0.703433603024	0.848989301664	0.714057437058	0.818344106589	0.821754978549	0.664372200033	0.741644386707	0.663517212054	0.713857192816	0.672557374531	0.655143761114	0.752513298904	0.654302723353	0.822569771071	0.831308731816	0.738965448732	0.7610641488	0.785304314232	0.683237839122	0.755791553826	0.698307154077	0.837473013174	0.818120712642	0.69926435486	0.676337900062	0.835541515595	0.67440415749	0.784127805975	0.830693103684	0.798515769364	0.839751292019	0.723200506836	0.706328205251	0.816231683357	0.809390124287	0.63712489635	0.763476448697	0.685194708258	0.668268952048	0.746162875025	0.835334571318	0.619863061429	0.789463719922	0.826307383825	0.79409561739	0.787201441648	0.688510055914	0.821054349262	0.784152408229	0.818693264565	0.725595129455	0.72308728669	0.766631748739	0.70681476683	0.678067768581	0.645537627364	0.788125677359	0.667218478081	0.813338994525	0.803235429579	0.639936546216	0.742428959235	0.607946953641	0.765169017916	0.756773005365	0.79864919968	0.726107022158	0.726867127838	0.720415519154	0.811413099281
PE5.141692	0.572663968452	0.767547592236	0.820637866787	0.850661740156	0.843397076842	0.82709056756	0.598432863152	0.0	0.825447921859	0.810146579052	0.751985399897	0.803268162759	0.6687389258	0.817359106836	0.802218414138	0.761747037348	0.869578611571	0.665503901157	0.859987288435	0.8753916847	0.65795570722	0.782777379591	0.620376408005	0.719384025793	0.720812381177	0.650307428103	0.743835169319	0.664751697695	0.858885961346	0.852079977924	0.764324033272	0.79858977046	0.830368716946	0.652129548132	0.78852650611	0.74312795562	0.855568604294	0.852920919681	0.676776830648	0.598675154706	0.855635658606	0.640298558607	0.822624614313	0.860702023133	0.8421611208	0.851231997921	0.719206725358	0.639480968823	0.850790383901	0.839913796504	0.684351859224	0.805265338287	0.683762064963	0.681701746995	0.750121052999	0.86194757393	0.615369961758	0.838744947944	0.854146013074	0.837211892154	0.833410694118	0.715794128614	0.857370366865	0.829708915761	0.863528028441	0.77603150189	0.769728715905	0.813264336713	0.761160119223	0.73130473971	0.655389749654	0.833356390394	0.66193741456	0.850362156674	0.828116916672	0.637922067125	0.786663366701	0.596795459018	0.811642032704	0.780699687311	0.821674469219	0.799292359708	0.787250641516	0.705742672009	0.832152417376
CM1.141723	0.802692886134	0.766445162907	0.711212522885	0.712567811458	0.577240410231	0.66866950965	0.801569193563	0.825447921859	0.0	0.738512569908	0.791951837529	0.694463692049	0.815964968258	0.687484185056	0.758104147961	0.728810814122	0.715273856498	0.875226650411	0.765782648743	0.778026744009	0.837866277885	0.730724821509	0.815097569004	0.771294628899	0.715164827149	0.820493102562	0.843820819055	0.790088010197	0.672244393476	0.751993143057	0.77412949567	0.740225678773	0.657595183518	0.78692228629	0.698096251419	0.756707380877	0.724893236898	0.672968321024	0.813760624864	0.877915605054	0.69379139366	0.882384791671	0.629866272013	0.690639890452	0.595605402672	0.666410733535	0.772885801696	0.839439818879	0.546365844493	0.674942870796	0.797426762143	0.699925199853	0.798450488732	0.835098615934	0.812179116536	0.680841899126	0.810648044522	0.704414614467	0.729888687026	0.737345106329	0.719549408249	0.744124740684	0.704174329896	0.772502718202	0.671532352614	0.756017275883	0.732442434298	0.749223386955	0.76103060954	0.79321414731	0.838561198826	0.546137897814	0.802958711546	0.714463943125	0.673924727297	0.785512437104	0.711794373651	0.837841855724	0.741119349903	0.756606689431	0.726956240234	0.726836054053	0.662575327588	0.786686772008	0.643316913844
CO1.141714	0.778797095838	0.654914935055	0.684930015489	0.737411992325	0.74471966592	0.691625959639	0.766293080257	0.810146579052	0.738512569908	0.0	0.702184439252	0.745165676963	0.772984863527	0.720841690903	0.646925828916	0.763548135075	0.756630888885	0.831414332067	0.759312842225	0.749299726073	0.784266272224	0.707926346376	0.787506716326	0.692145556268	0.702686968241	0.730933541468	0.781622450186	0.724743324117	0.73734523473	0.771126714786	0.668498759447	0.6470843924	0.684968851426	0.771824886597	0.695737327682	0.700205049504	0.762329339033	0.723712206474	0.724032843013	0.827755068667	0.690300965853	0.837831607357	0.663793604179	0.7059833653	0.73356075678	0.739761472888	0.666515339802	0.820201111481	0.747014715965	0.718247786368	0.769163342194	0.699803773848	0.741805164644	0.78124342887	0.723403116115	0.739827962918	0.790200270291	0.715489007898	0.727734956186	0.684201241838	0.687834775482	0.663303314538	0.735653341365	0.682970760621	0.709312907476	0.656531416134	0.632812094092	0.650538712109	0.698917638593	0.666311481351	0.79781722921	0.738757449497	0.737138077044	0.708853428725	0.712891128061	0.722531909733	0.623196774415	0.793849654656	0.663859129752	0.63498439395	0.722846678254	0.678723343945	0.729323581751	0.678453205482	0.671035341402
BZ1.141724	0.749872494332	0.638757033828	0.737716549885	0.786706806381	0.804310329576	0.779932377632	0.742289774705	0.751985399897	0.791951837529	0.702184439252	0.0	0.790438416541	0.746737107962	0.775712724885	0.706166958276	0.764814315259	0.819711424751	0.756361390105	0.814941796715	0.841695068508	0.707681737414	0.724676676324	0.684918075485	0.644999403553	0.703590664769	0.68548817544	0.700493578999	0.647653712583	0.814937136109	0.805685197915	0.670937141584	0.69432406844	0.779343755864	0.68702533433	0.717736297662	0.729113961015	0.820553101838	0.796285340694	0.629903876179	0.771678909076	0.784415117313	0.753394258225	0.761421707449	0.799333515786	0.807859959248	0.794356318118	0.55894710446	0.730301278492	0.818616768152	0.770311870403	0.671380793158	0.755604416426	0.599135938896	0.690062079934	0.707113461415	0.806548453988	0.746483874047	0.740517759247	0.780451011571	0.780472540118	0.757714294968	0.652650584988	0.82337123785	0.73447043629	0.799359340494	0.663717929968	0.66747545283	0.690545206094	0.721140462081	0.652712622802	0.722585977293	0.794255115491	0.648941863345	0.794260792567	0.788693247702	0.603283470135	0.703118852664	0.747685505151	0.735707388757	0.649993718249	0.74802247778	0.748045999531	0.758453587931	0.610063256683	0.76449573656
AR1.141727	0.747204902287	0.72656245156	0.67727509088	0.785161005612	0.716768078832	0.750332821041	0.728572988472	0.803268162759	0.694463692049	0.745165676963	0.790438416541	0.0	0.76444798192	0.624352927077	0.77352420398	0.673841488299	0.808348740517	0.850397634757	0.785239052069	0.804610682287	0.804378142245	0.72302253868	0.76849391658	0.764614749339	0.728314364073	0.77021796114	0.80902845947	0.738581239881	0.771455557213	0.801898089704	0.759491896488	0.753576682832	0.708975605304	0.758183996024	0.700344626185	0.74205618083	0.802921710193	0.765728900844	0.796275704869	0.849753289848	0.758081894972	0.855667061568	0.698045846369	0.767870607218	0.685047239431	0.756173737905	0.733578548126	0.807208508867	0.730793526268	0.74801641657	0.750634123671	0.710769729868	0.741042260642	0.80593910481	0.812140100861	0.774859459742	0.782152594437	0.714192998195	0.760108228952	0.754415700611	0.735120408038	0.714717707486	0.779477034436	0.755782036003	0.734781362115	0.723598473152	0.713036195038	0.727892048469	0.747024124105	0.740417030952	0.805834029066	0.704694923057	0.771889330645	0.774262754206	0.657125097549	0.76669204035	0.684631943426	0.780542641526	0.716502511832	0.767054152078	0.733708194121	0.701421957329	0.584940251195	0.782489303125	0.714139481744
HI4.141735	0.613822801345	0.725101989837	0.771864975509	0.839164389329	0.821641684772	0.798502981249	0.615135257351	0.6687389258	0.815964968258	0.772984863527	0.746737107962	0.76444798192	0.0	0.781638301138	0.778557087868	0.742146103626	0.845327389603	0.725362792342	0.836386543714	0.848199745629	0.650672314141	0.741263151633	0.677120335629	0.689908522421	0.685798356148	0.659696059265	0.722919046032	0.647908731541	0.837156426569	0.838846750369	0.725725903663	0.76613235861	0.809377997502	0.634061451168	0.774841732404	0.719997731292	0.855736374398	0.838072957439	0.668706508457	0.671849826899	0.837159271593	0.67762535721	0.806297628128	0.836750653181	0.816839530191	0.836019695961	0.717060953197	0.680548703415	0.805467749088	0.808924867183	0.649564875717	0.768477325671	0.708338541839	0.64764459766	0.756795284452	0.841730763242	0.626517401007	0.802354993287	0.831925148249	0.806957445217	0.779694124057	0.689083055909	0.851186136901	0.773548324989	0.840361820629	0.726287775517	0.73341675779	0.774119938408	0.761737751657	0.700071460205	0.645037965909	0.811012545181	0.640960448851	0.807562226139	0.815887773534	0.650683574487	0.73528894511	0.628922182327	0.779939738641	0.744514802555	0.76787071181	0.75085251707	0.750058431398	0.710277051637	0.822504795245
AR2.141703	0.774719857313	0.716642332129	0.665077007467	0.786860758821	0.702055694058	0.719415656317	0.761692831807	0.817359106836	0.687484185056	0.720841690903	0.775712724885	0.624352927077	0.781638301138	0.0	0.761200254716	0.660451290749	0.785055875528	0.837541084787	0.806084052006	0.814449133958	0.820173325284	0.705654285487	0.78647740919	0.766540431875	0.695104628218	0.789192671326	0.800673970679	0.75077697658	0.758391734762	0.80878558961	0.763382349741	0.720690763178	0.698500751041	0.783515205133	0.729205801943	0.733461660717	0.806557338028	0.736124418155	0.792447650178	0.860682977012	0.74180938936	0.848125859739	0.694806328095	0.748514992943	0.676157692208	0.754834224994	0.740394393152	0.81910782997	0.713320204694	0.717569013272	0.776329182697	0.708482375394	0.76004452814	0.803176973912	0.803592667009	0.765441160992	0.779569410103	0.66253704411	0.727425135213	0.736692983077	0.721590668732	0.673367112215	0.743212814623	0.722667836738	0.714021924435	0.724364093786	0.704523457736	0.708388603466	0.722985459022	0.736229791235	0.801140760176	0.694100227063	0.781519405464	0.755859784483	0.690842428741	0.770604960514	0.694442848174	0.819507220946	0.701948719969	0.733776295808	0.728836198277	0.699601534478	0.614502713483	0.766072647152	0.7168725047
SN3.141650	0.779699522556	0.676352127138	0.743089869184	0.702736007833	0.761809167879	0.71269181357	0.766766577539	0.802218414138	0.758104147961	0.646925828916	0.706166958276	0.77352420398	0.778557087868	0.761200254716	0.0	0.77353075332	0.715969598188	0.825336336427	0.758370897392	0.750959352368	0.759773752256	0.719700630865	0.791300959858	0.683709744381	0.733776078084	0.722650990957	0.772856466369	0.725985813114	0.743969871645	0.73304988266	0.688605537567	0.696697429485	0.730477820233	0.755023736816	0.640748305814	0.704245991659	0.738262448803	0.731505369299	0.712527392697	0.830788090725	0.716670562272	0.809422042833	0.695773574621	0.723591677522	0.765265313343	0.715047984402	0.690555228254	0.803971422781	0.782486730892	0.70479211025	0.751726389549	0.743041195769	0.739008364751	0.748806992693	0.657138434242	0.714860995324	0.783424154143	0.746097258727	0.754901443266	0.677095517326	0.672169856841	0.671477726049	0.771717018613	0.755382742608	0.740024504158	0.704948206827	0.65574093499	0.722570531653	0.695680489741	0.68859864687	0.773288725128	0.76249765171	0.734308516043	0.670011220244	0.740679707599	0.708613997711	0.660590664184	0.792238110264	0.733109829096	0.685016134238	0.758933575944	0.697046037043	0.759863546701	0.67804656098	0.711859513901
PE7.141734	0.71528021824	0.701217780476	0.714082233017	0.803596436327	0.722631720961	0.726526207594	0.703433603024	0.761747037348	0.728810814122	0.763548135075	0.764814315259	0.673841488299	0.742146103626	0.660451290749	0.77353075332	0.0	0.815087231203	0.8196351414	0.807727748191	0.837373967839	0.799519163477	0.722220659819	0.722750640612	0.746497961304	0.680955562999	0.768436204457	0.783244973651	0.73930879525	0.777946125754	0.821537278917	0.744689869502	0.732723639628	0.75308614307	0.751609713686	0.73635430562	0.684362906563	0.811933646672	0.758224666357	0.789640310962	0.815477561185	0.757979515624	0.820237421656	0.734437326524	0.774435285384	0.726796238882	0.77577137992	0.703718444	0.758409720869	0.731108380091	0.748687141124	0.727655684443	0.763021961867	0.751615826898	0.765809125737	0.802800938788	0.78641852487	0.75106864205	0.689647490509	0.718718521534	0.774551086489	0.752382178535	0.688897267228	0.748608833323	0.744458965525	0.752861967228	0.71215036132	0.688671400312	0.706658074883	0.737741552059	0.723335756362	0.765166365657	0.721926271333	0.719909078181	0.763727668824	0.747426048718	0.729452414594	0.702365964578	0.76489715452	0.70354268097	0.754721115009	0.703156626121	0.708038140833	0.639053104619	0.786687779755	0.73183715771
SV2.141666	0.84010902362	0.808739945897	0.77433551635	0.592199901224	0.708355372742	0.665378635501	0.848989301664	0.869578611571	0.715273856498	0.756630888885	0.819711424751	0.808348740517	0.845327389603	0.785055875528	0.715969598188	0.815087231203	0.0	0.888377074725	0.603796347164	0.641379495425	0.84638594821	0.791280858775	0.846845073826	0.806456567019	0.793790170436	0.842875237381	0.853169008797	0.82966607911	0.59288807527	0.664692086763	0.796260525929	0.784964378317	0.732849950244	0.819094499768	0.714925061601	0.797664381078	0.554615218172	0.652645632143	0.81562693849	0.895045106371	0.702901085018	0.886364059516	0.71379856728	0.631966557826	0.718303429057	0.633109814252	0.809268672179	0.883961713969	0.70362132641	0.662041061589	0.854826630232	0.767040709465	0.848663573719	0.835636814301	0.784592523921	0.635864757875	0.850680739546	0.788900077838	0.771296645913	0.714556449529	0.722663912159	0.797734650054	0.676956133558	0.823245329847	0.712710897569	0.811197468059	0.784386445723	0.788085551144	0.787287260614	0.808495299652	0.859130552313	0.721980658762	0.826136995297	0.662146225932	0.761406802217	0.830806579874	0.7549909847	0.856587806835	0.792672408414	0.782113267012	0.813811920365	0.784358646669	0.778574894305	0.785405436078	0.694361552891
CF2.141679	0.696601322201	0.808349272059	0.850213419804	0.883454410356	0.888145300025	0.86584613645	0.714057437058	0.665503901157	0.875226650411	0.831414332067	0.756361390105	0.850397634757	0.725362792342	0.837541084787	0.825336336427	0.8196351414	0.888377074725	0.0	0.873412322784	0.895161406791	0.628883007988	0.840013371074	0.66447475389	0.752009184845	0.760206236182	0.678986010291	0.756775801055	0.685668390177	0.888525854278	0.879841337787	0.807557544591	0.83256646871	0.866225336012	0.631811615235	0.828600368963	0.786998073663	0.901581736562	0.891056990917	0.671735624405	0.638386219016	0.887121939943	0.532654792858	0.863840135028	0.879590585402	0.883734149674	0.893998848881	0.761480240144	0.685197484405	0.886147930539	0.879146863713	0.682778195081	0.820107895864	0.710629094782	0.621356757964	0.777086570755	0.884422848177	0.735538844446	0.868126019815	0.890929115877	0.857397189009	0.870136617905	0.768416285294	0.887875521486	0.841461793654	0.90033846944	0.817735852388	0.809933527568	0.845505687567	0.825066695892	0.753483578513	0.6256425835	0.880502736723	0.717433421702	0.88011117514	0.874107158833	0.649413435171	0.826966489552	0.678016486392	0.826458737661	0.81139508685	0.841458559217	0.850653926192	0.84998137346	0.755429598094	0.883522431924
MD3.141707	0.836797787924	0.798326277532	0.786145500309	0.617411545827	0.784864878831	0.736303934878	0.818344106589	0.859987288435	0.765782648743	0.759312842225	0.814941796715	0.785239052069	0.836386543714	0.806084052006	0.758370897392	0.807727748191	0.603796347164	0.873412322784	0.0	0.637857539378	0.834376844512	0.790393982145	0.838211494812	0.81592210037	0.805662072857	0.830534280797	0.847711196395	0.797660079849	0.635155829517	0.678894890377	0.770009322061	0.789325773224	0.773883070624	0.802478282339	0.72287818491	0.811111893018	0.61316020132	0.717946460021	0.830330605303	0.882763423946	0.705708866734	0.871447094676	0.743878444995	0.714450272893	0.755979081694	0.683881909793	0.805512640878	0.848306903362	0.780162869584	0.749761108528	0.812698779789	0.784523224777	0.817908541005	0.844046711594	0.783774680816	0.682610473628	0.857022112044	0.796355264918	0.79271104466	0.717300906603	0.752909469221	0.789852906842	0.724444879249	0.811061811369	0.729716005856	0.792419921749	0.761852154605	0.791803120344	0.77701643577	0.8050053991	0.847210324004	0.773037030938	0.816333414468	0.731472764262	0.793520879017	0.823560881107	0.753862084955	0.862891584792	0.792466068359	0.788034270408	0.807294648532	0.781923958026	0.793463399431	0.801947085228	0.748230768531
JT1.141699	0.840113341843	0.819963710265	0.787119853761	0.582798292487	0.774356238115	0.71026218613	0.821754978549	0.8753916847	0.778026744009	0.749299726073	0.841695068508	0.804610682287	0.848199745629	0.814449133958	0.750959352368	0.837373967839	0.641379495425	0.895161406791	0.637857539378	0.0	0.844300314615	0.801564314967	0.84970331011	0.807604615574	0.809595402623	0.842472130729	0.840469283117	0.825592785718	0.642501193848	0.645335564266	0.797972113849	0.788218063466	0.782167129832	0.830285810042	0.753462404086	0.807777102012	0.612568521471	0.697820145931	0.815169672741	0.887547196482	0.693170652014	0.878994301156	0.739875548776	0.686638314333	0.756540825764	0.69662498198	0.824906539995	0.866906602734	0.765364656832	0.723425930102	0.835944379557	0.776780025305	0.849554980836	0.854170161338	0.772873027173	0.649873636893	0.854437914676	0.807011827529	0.799388092361	0.720889432294	0.757795805429	0.813884755112	0.720819857917	0.813341685114	0.713567064121	0.812734550978	0.800006129226	0.803073739631	0.793042359156	0.816386991349	0.855737076318	0.767151846365	0.852706128491	0.689272544197	0.814223768546	0.846476139065	0.779247148923	0.877807449164	0.791762028741	0.810736377925	0.827617531835	0.788861265311	0.792644271099	0.803249836398	0.734586740831
HF2.141686	0.683696796872	0.762863076432	0.810528712934	0.829436952663	0.85851685319	0.829139619313	0.664372200033	0.65795570722	0.837866277885	0.784266272224	0.707681737414	0.804378142245	0.650672314141	0.820173325284	0.759773752256	0.799519163477	0.84638594821	0.628883007988	0.834376844512	0.844300314615	0.0	0.77636176424	0.598479455862	0.679151990124	0.718456076518	0.560391086046	0.718362698963	0.615149459459	0.83699668317	0.829166232902	0.741285155679	0.780470043977	0.842912562547	0.58831940084	0.787511408475	0.718122068595	0.838212771002	0.836531192001	0.551402461236	0.660864311526	0.847235396663	0.529673686816	0.822893766276	0.834513137694	0.836768807655	0.840848846721	0.719259934242	0.670816218243	0.850311153174	0.833321059519	0.6659700719	0.803062366252	0.690992999113	0.598058037092	0.718682301449	0.838947743743	0.684295729046	0.833795552776	0.846249874602	0.80670231912	0.795636106958	0.713158957623	0.86284362328	0.82209621249	0.854425945943	0.756884074133	0.756224617881	0.807401755571	0.775671747322	0.682643717664	0.527972916763	0.840454252903	0.626852302633	0.822567588204	0.841237321065	0.607298610192	0.784285801524	0.666871992602	0.798870383299	0.733459624804	0.824083375635	0.768285438569	0.809985632308	0.667381226976	0.844886135483
HI2.141672	0.756287086284	0.691231183535	0.660415469296	0.751285240055	0.722377099672	0.724614826303	0.741644386707	0.782777379591	0.730724821509	0.707926346376	0.724676676324	0.72302253868	0.741263151633	0.705654285487	0.719700630865	0.722220659819	0.791280858775	0.840013371074	0.790393982145	0.801564314967	0.77636176424	0.0	0.772434233673	0.729343876618	0.681514988954	0.753335162138	0.805689905885	0.728845311003	0.748777326692	0.783499781408	0.716197814639	0.705159477952	0.723032223909	0.772396339869	0.660182356076	0.700939425995	0.785175078088	0.731699871829	0.743266374713	0.820354147912	0.737408493587	0.822789007288	0.698647722498	0.742210679864	0.720874899165	0.726834864624	0.722609751814	0.793950841234	0.745742851345	0.710479376766	0.746165982583	0.682866800613	0.739457672588	0.761075392846	0.752621140259	0.74399622288	0.778438409332	0.727494689855	0.759249211434	0.708464236933	0.698460080272	0.700848572671	0.757705908585	0.747174276329	0.753397365008	0.707118606715	0.680378448667	0.693336009817	0.682417093024	0.724854902797	0.759704364058	0.71790372198	0.719932986208	0.707906191678	0.739385739117	0.711896154775	0.681145605542	0.781464115734	0.712822405306	0.695596898834	0.745857358605	0.674930052672	0.678563180908	0.70758632388	0.686324170288
PE1.141715	0.622223776745	0.717154493678	0.792190665214	0.831250231132	0.825196241181	0.801763730826	0.663517212054	0.620376408005	0.815097569004	0.787506716326	0.684918075485	0.76849391658	0.677120335629	0.78647740919	0.791300959858	0.722750640612	0.846845073826	0.66447475389	0.838211494812	0.84970331011	0.598479455862	0.772434233673	0.0	0.657896526243	0.678961167994	0.661151763839	0.720187250636	0.634921096784	0.830904018767	0.828544483945	0.74593857771	0.757093547674	0.794651457911	0.606368471294	0.764733600044	0.715049120588	0.825074087782	0.820176573142	0.638124472638	0.649910589815	0.825837065629	0.649255550718	0.788104451218	0.831834368583	0.822558413209	0.824821411626	0.642121109799	0.599310713274	0.822624257078	0.799846402544	0.667519839204	0.797056753925	0.718193852711	0.607406837726	0.719114343419	0.835385113831	0.640611213477	0.79493185833	0.808758373719	0.813868502425	0.789943023329	0.697773402825	0.825531061892	0.785339417161	0.828476940026	0.731532044493	0.727549650145	0.759227661887	0.763893018086	0.700593899339	0.633033341276	0.799217782721	0.634742411746	0.818763476829	0.795411455798	0.594768007118	0.759006734421	0.629522497154	0.75279364159	0.719582641153	0.798526096551	0.749941452711	0.760632724468	0.683350577101	0.810618951791
SP2.141678	0.703253788545	0.677662035746	0.753201904691	0.771958688829	0.798213985023	0.757977510662	0.713857192816	0.719384025793	0.771294628899	0.692145556268	0.644999403553	0.764614749339	0.689908522421	0.766540431875	0.683709744381	0.746497961304	0.806456567019	0.752009184845	0.81592210037	0.807604615574	0.679151990124	0.729343876618	0.657896526243	0.0	0.694286896412	0.622416000699	0.689659747525	0.642777495532	0.801884384117	0.803988034764	0.681840487772	0.715308185273	0.755567206678	0.63839286031	0.712233244867	0.670757166489	0.808686598352	0.777390438247	0.640610040623	0.742886082303	0.769754814043	0.761437453824	0.736690894791	0.776730683111	0.786628388552	0.772175227461	0.605999285049	0.674714050518	0.798234196083	0.757821776747	0.656990624595	0.766152410664	0.671570550885	0.645770759882	0.686538647796	0.773348636735	0.690523052252	0.757257992297	0.788040507981	0.759130421632	0.722691529803	0.627129051664	0.79983331105	0.709302696402	0.783455034608	0.681267098423	0.670723828735	0.723142963056	0.715853785745	0.665054676988	0.709404595758	0.76618270774	0.605998027636	0.757462815802	0.74723726918	0.607623508985	0.685290392188	0.717290065988	0.707153856391	0.678192495019	0.742496062454	0.702151890171	0.728608622669	0.649150974088	0.745350030316
CL1.141697	0.686963360294	0.634249068152	0.671815954463	0.770495760678	0.722110818225	0.725673303477	0.672557374531	0.720812381177	0.715164827149	0.702686968241	0.703590664769	0.728314364073	0.685798356148	0.695104628218	0.733776078084	0.680955562999	0.793790170436	0.760206236182	0.805662072857	0.809595402623	0.718456076518	0.681514988954	0.678961167994	0.694286896412	0.0	0.694274353165	0.762632394844	0.668074712634	0.763697147051	0.816399213775	0.66375149945	0.6472246358	0.701962336155	0.692338528108	0.702845674825	0.638791557441	0.804166976466	0.748160624599	0.685239078572	0.746176121508	0.750284962578	0.749205991894	0.720484352843	0.742746812668	0.703537334477	0.735467516156	0.664209347481	0.748652179662	0.729168666229	0.718700408373	0.681055282463	0.685682891628	0.674212699207	0.711880922563	0.741749245727	0.752810369795	0.709621273733	0.660241186328	0.731510928379	0.717911288519	0.699370512789	0.64823778135	0.742457889051	0.696718190521	0.72043752783	0.685821521838	0.656972730745	0.671081751691	0.650027825436	0.647086420901	0.702165480673	0.706338870177	0.652217478435	0.725308625841	0.722437782929	0.649734640808	0.673683996414	0.72407015997	0.686782798431	0.671162254072	0.712352228938	0.677830136964	0.701231067057	0.674735887504	0.706232596979
BF1.141647	0.628883402411	0.717221210623	0.768995051914	0.806290959894	0.826424644135	0.807116740418	0.655143761114	0.650307428103	0.820493102562	0.730933541468	0.68548817544	0.77021796114	0.659696059265	0.789192671326	0.722650990957	0.768436204457	0.842875237381	0.678986010291	0.830534280797	0.842472130729	0.560391086046	0.753335162138	0.661151763839	0.622416000699	0.694274353165	0.0	0.726246940458	0.628494983221	0.826324269257	0.834409474583	0.722158788801	0.773721270079	0.815939487788	0.591770580189	0.760016306558	0.695175952385	0.845350466146	0.828449216168	0.617507147764	0.673459981088	0.822034061291	0.662285782453	0.797806463486	0.827726326834	0.816933206892	0.8199692194	0.676506054689	0.641341948173	0.837839584315	0.803784696091	0.644493719324	0.770395671854	0.665489008358	0.571765303957	0.732465958793	0.832582757682	0.675705660701	0.799880822897	0.833638107556	0.792937958927	0.774580479255	0.659465272305	0.845604688446	0.788551003007	0.835000604399	0.694320760688	0.700432515124	0.744877307479	0.718986699935	0.651420647237	0.585603625807	0.826517263336	0.590120552312	0.807408047667	0.797207242412	0.550598360994	0.724856537403	0.65188802918	0.739098997907	0.723837610809	0.780971456578	0.739438167047	0.785220886136	0.690762777709	0.78492463683
TL1.141653	0.756370770202	0.739855910424	0.814602385901	0.837794341259	0.84377927189	0.797262119247	0.752513298904	0.743835169319	0.843820819055	0.781622450186	0.700493578999	0.80902845947	0.722919046032	0.800673970679	0.772856466369	0.783244973651	0.853169008797	0.756775801055	0.847711196395	0.840469283117	0.718362698963	0.805689905885	0.720187250636	0.689659747525	0.762632394844	0.726246940458	0.0	0.727268875295	0.84711027451	0.845646652143	0.715438012232	0.769096322969	0.834936626733	0.741932267084	0.787325566655	0.747922972768	0.85399598867	0.81824911933	0.692514034632	0.793120381734	0.827306956687	0.742625459315	0.812912671746	0.810765830277	0.836110776296	0.83724519036	0.725696437913	0.769706725861	0.826704983341	0.808430516427	0.728724238596	0.794783638108	0.732157865749	0.74592090702	0.734633362156	0.847914025141	0.749645676662	0.794645900768	0.819973504407	0.810725160884	0.800282292801	0.732803408232	0.835590898577	0.748618480269	0.824266219206	0.778651078449	0.775471773154	0.764546192609	0.785409256726	0.747666099181	0.695485528924	0.836196986575	0.717624987972	0.820698170558	0.850120819629	0.685861761552	0.78542945758	0.757249370515	0.798745310241	0.747209105903	0.767249220787	0.799319480315	0.796771023729	0.718838970306	0.827206665953
MP1.141661	0.666465921371	0.658376756333	0.730964240011	0.807223189447	0.810340042243	0.769230079735	0.654302723353	0.664751697695	0.790088010197	0.724743324117	0.647653712583	0.738581239881	0.647908731541	0.75077697658	0.725985813114	0.73930879525	0.82966607911	0.685668390177	0.797660079849	0.825592785718	0.615149459459	0.728845311003	0.634921096784	0.642777495532	0.668074712634	0.628494983221	0.727268875295	0.0	0.808394278068	0.813780827862	0.672991744462	0.718211885289	0.758175376792	0.571163464552	0.740607239745	0.707131243666	0.825003694074	0.797832971786	0.5987445144	0.703916068531	0.777752391583	0.652094603396	0.756245743046	0.795815713108	0.773868332655	0.79562047364	0.635819911868	0.681460065368	0.815810575114	0.782776223774	0.589434133855	0.737086062665	0.611197747638	0.661810847943	0.708519469409	0.816548050761	0.705665690504	0.766391797974	0.792245874382	0.75296028605	0.755106579716	0.599035664025	0.805012261184	0.74734149722	0.796736026642	0.66852252086	0.666854888025	0.715801157512	0.705309631258	0.625119651806	0.642425862898	0.794231285991	0.633202850267	0.782078183174	0.763722960399	0.508221594919	0.711816148314	0.674352204138	0.730507100115	0.689792061893	0.770847689763	0.737369630042	0.750515868923	0.651807466013	0.774552401403
SF2.141677	0.830704961039	0.795771846867	0.75364438072	0.57845115168	0.674053823284	0.626660191222	0.822569771071	0.858885961346	0.672244393476	0.73734523473	0.814937136109	0.771455557213	0.837156426569	0.758391734762	0.743969871645	0.777946125754	0.59288807527	0.888525854278	0.635155829517	0.642501193848	0.83699668317	0.748777326692	0.830904018767	0.801884384117	0.763697147051	0.826324269257	0.84711027451	0.808394278068	0.0	0.660699403662	0.781813889616	0.763055652236	0.728544608073	0.82865290368	0.70395986858	0.78908819516	0.555071877318	0.62621593938	0.8003791154	0.885082815318	0.676354108479	0.881554943347	0.659053087532	0.637405494258	0.651519615844	0.598311405377	0.805905420638	0.869473665568	0.678873196643	0.64055065806	0.830448227661	0.727587799713	0.835738671853	0.835690194216	0.784527800227	0.599631211991	0.831514505568	0.738906546773	0.735636421321	0.716446439098	0.718262320627	0.774218885463	0.663643597481	0.792215769961	0.655976770095	0.795770362044	0.765054466436	0.778258723188	0.760046198007	0.805522038881	0.85464895563	0.674071608266	0.820559738827	0.670415688697	0.761250140177	0.818734693567	0.730824779703	0.854959621283	0.755776684072	0.788162536499	0.767671765481	0.746697345686	0.739684115328	0.799903648637	0.688882925398
MD5.141688	0.828153541511	0.826941261567	0.809503632017	0.610018049304	0.773024352269	0.752278022133	0.831308731816	0.852079977924	0.751993143057	0.771126714786	0.805685197915	0.801898089704	0.838846750369	0.80878558961	0.73304988266	0.821537278917	0.664692086763	0.879841337787	0.678894890377	0.645335564266	0.829166232902	0.783499781408	0.828544483945	0.803988034764	0.816399213775	0.834409474583	0.845646652143	0.813780827862	0.660699403662	0.0	0.797447585328	0.7984542333	0.794793549885	0.819015921282	0.726006586358	0.814078678536	0.66898133611	0.723794813363	0.794802631086	0.892734220937	0.723482745983	0.880761619457	0.754009895319	0.726557498969	0.761778009551	0.70631415687	0.8141871852	0.869042044443	0.77437424817	0.739878739886	0.825337482023	0.790795950857	0.834615430708	0.821235617234	0.750946590909	0.655524142836	0.834013066017	0.797547703845	0.814514046887	0.760433891565	0.755614629167	0.804283516965	0.752222463704	0.836059424867	0.728642719411	0.81488235434	0.781210366558	0.813385651663	0.801228952203	0.820278147791	0.851196123691	0.785538901319	0.827832866343	0.725065442105	0.814831385706	0.811980755381	0.766312085294	0.8548513435	0.813711250887	0.801448618997	0.834411336412	0.79480496379	0.801366219049	0.772788674425	0.745514238317
